2.917306165932783468e+00
2.876831648161885635e+00
2.894636981491595762e+00
3.113291265568159716e+00
3.321397877177659996e+00
2.965054295512211446e+00
3.121222124605147918e+00
2.908997897551689693e+00
2.871706110839275183e+00
3.278401775590392919e+00
3.113829764769909580e+00
3.240820262639721339e+00
2.788004782897300693e+00
3.019060094414073525e+00
3.136055547275017563e+00
2.988008105890089805e+00
3.134460504999926123e+00
3.893155953153680571e+00
3.668486321781820436e+00
2.912234172070300442e+00
3.059683938853021701e+00
3.026540622656589186e+00
2.969644833778475324e+00
2.875586913939667255e+00
4.066014121372742096e+00
3.041628609644817516e+00
2.766205855423188531e+00
2.915588202880518232e+00
3.003001849347201269e+00
4.242523419938734719e+00
3.732088633043468828e+00
3.079579029252301758e+00
3.377535351169244304e+00
3.014399426599891019e+00
2.982643833729334837e+00
3.560917373598378788e+00
3.274184309981091445e+00
3.055071711213676267e+00
2.734793286956636038e+00
3.308925145588809791e+00
3.116013885032236086e+00
2.956431556158632290e+00
3.102782770013362779e+00
3.058525780679348660e+00
2.900326068938390733e+00
2.940268097337115805e+00
3.172166988972016988e+00
3.031701192501071063e+00
3.599377678121099322e+00
3.368726928055341130e+00
3.147082015767618479e+00
3.049186110105614134e+00
3.034911749924591451e+00
3.988991136303028817e+00
2.536307123161114951e+00
3.057256989498916777e+00
2.982616772527834748e+00
3.195326010914702586e+00
4.147845957698303110e+00
2.756035551580925613e+00
3.082994359175540211e+00
2.760852499293443341e+00
2.881675924814375289e+00
3.050194884831345821e+00
2.662051513850503426e+00
3.070984547491433236e+00
3.146484823644611240e+00
2.937548843171043256e+00
2.967230665812230495e+00
3.298314426232819674e+00
3.178059182835647256e+00
3.979423772671677906e+00
3.407626659700196736e+00
3.070816640595392499e+00
3.042684861439521882e+00
4.060578353192754619e+00
2.692517022460375831e+00
3.244184276962080560e+00
4.093974661614602439e+00
2.977865240947330516e+00
3.248282128209203812e+00
3.065608752935210735e+00
2.908899540538647521e+00
3.078257092392460148e+00
3.684736363051599906e+00
2.951495236358948393e+00
4.163356387034032657e+00
3.103918572239734885e+00
3.024778335925272899e+00
2.862854119538763786e+00
3.217458412003686874e+00
3.386965611742124072e+00
3.514133100257065934e+00
3.281299203250545471e+00
3.037990443383234318e+00
3.086044228332103678e+00
3.112493818864293882e+00
3.018662073072730934e+00
3.073965924464056698e+00
3.310294900631628678e+00
3.041951947844223625e+00
3.070731366215676328e+00
2.964260807985292789e+00
3.064371749863335825e+00
3.036898588974183077e+00
3.037409589376660168e+00
2.863121700950436832e+00
3.022996555911984018e+00
3.058531441770258930e+00
4.263030905346072430e+00
3.368974847622512758e+00
3.974003531571695724e+00
2.881526816267999891e+00
3.436497951283733698e+00
3.974003531571695724e+00
4.044210948163240893e+00
3.070929182699075000e+00
3.022166634657344808e+00
2.967477821412926708e+00
3.253392586368854644e+00
3.403900453556992112e+00
2.811498007958325829e+00
2.892973087605789306e+00
3.341476729692433256e+00
4.226707796443982978e+00
2.930631781308695061e+00
3.316497936628811871e+00
3.069474685357671540e+00
2.949740468095866763e+00
2.304262783343468790e+00
3.060620729279216690e+00
3.597032428811201665e+00
3.112961168804035950e+00
2.723387812908251604e+00
3.308455937320931461e+00
3.051229339311451572e+00
3.121720703096938276e+00
2.869102186150853662e+00
2.782414448884234837e+00
3.039467369951986075e+00
3.278260624701779147e+00
3.040406753315146204e+00
2.833722866797475870e+00
3.066465926527980557e+00
2.972635068920609136e+00
3.062363494860596447e+00
2.830193729175222384e+00
2.916429037869377794e+00
3.233277493394718594e+00
2.987007397906920492e+00
2.931033812192939791e+00
3.168683892927645740e+00
3.070127619750127490e+00
2.898771814869713914e+00
2.746796669307225436e+00
3.389867646506863341e+00
2.841104945988464081e+00
3.016280484235966508e+00
2.718165641615249761e+00
2.949990802708692073e+00
3.240198102133152513e+00
3.060753682152567823e+00
2.921789060713171793e+00
3.074106190806303651e+00
2.938264540173569639e+00
3.719852435767774690e+00
2.995581383456935587e+00
2.940137921546058575e+00
3.680099130579455036e+00
3.188108380692461274e+00
2.879622956823189028e+00
3.065442772764015888e+00
3.071739943068398926e+00
3.000000000000000000e+00
3.102855800378800932e+00
3.073096316228344449e+00
3.752305362983548775e+00
2.909089585865727301e+00
2.682164125616821604e+00
3.035067472937523991e+00
3.139063567881639205e+00
3.055942694372445700e+00
3.002728518714961492e+00
2.991990235384087704e+00
4.251492478130247221e+00
2.919604071321362238e+00
3.750918800719712287e+00
3.651408165892351398e+00
2.949515875644284080e+00
2.919632149630614570e+00
4.110115774295852731e+00
2.877342807140927938e+00
2.852455592854648891e+00
2.624304446811310143e+00
3.355815565217261209e+00
2.820571007060997726e+00
2.733938405950137707e+00
3.232874583675732438e+00
2.913900680958107614e+00
3.023852927415322078e+00
2.968941204940283018e+00
3.390547428735354085e+00
2.826075001701067624e+00
3.685945383121740804e+00
2.945906931071946122e+00
3.108548391298803892e+00
3.698371766824586793e+00
2.768495969567837278e+00
3.368974847622512758e+00
3.101378863724254753e+00
3.305133277689329852e+00
3.698371766824586793e+00
3.332651649077805089e+00
2.779632659753270119e+00
3.061596833393582795e+00
2.694143825037915718e+00
2.429245942923576429e+00
3.102560282263971292e+00
3.434343069731940368e+00
3.668486321781820436e+00
3.329702741819160039e+00
3.010707730167502927e+00
2.988008105890089805e+00
3.193457214410674538e+00
3.021481977949052045e+00
3.768986993513752992e+00
3.031500166241854810e+00
2.901760080952532572e+00
3.070929182699075000e+00
3.234831189811117724e+00
2.906413282217854110e+00
4.056455855334314187e+00
3.618071995483659098e+00
3.015592462558861708e+00
3.011446361705445440e+00
2.822358215011161242e+00
3.070525673001727629e+00
2.986395178827223607e+00
3.613587716095766567e+00
2.987972583611009370e+00
3.085885331641221807e+00
2.880187590209324355e+00
3.775259182203422270e+00
3.590962922534928214e+00
2.950653052495586071e+00
3.577056289372302356e+00
3.121222124605147918e+00
3.001313808844472408e+00
2.977840707732302139e+00
2.967472241948266642e+00
3.090181192374024111e+00
2.912234172070300442e+00
2.624727049389806943e+00
2.793690254648552695e+00
3.483465864656348554e+00
3.075826374814973896e+00
3.016868019244440813e+00
3.000688157100359632e+00
3.257821357019482278e+00
3.044496687399025792e+00
2.973390622701519881e+00
3.783599153530535553e+00
3.040496905852280829e+00
2.923316105503558582e+00
3.013550012765001895e+00
3.096237368013281976e+00
2.944026043859667041e+00
3.355815565217261209e+00
4.167655512225636905e+00
2.949542011998044444e+00
3.072499223700557280e+00
2.998499742014191671e+00
3.111924746002931563e+00
2.987007397906920492e+00
4.110115774295852731e+00
3.403370153286287891e+00
3.035504771910550126e+00
3.228847965997391434e+00
2.811515259495724894e+00
2.943331367196996062e+00
3.422267810913661723e+00
3.196348399916550065e+00
2.910492738891371722e+00
3.382576457146567073e+00
3.477780435245745316e+00
3.447138702208798033e+00
4.072924954368607686e+00
3.014399426599891019e+00
2.964260807985292789e+00
3.252238058525819042e+00
3.478479366719315014e+00
4.203771581060063767e+00
3.121698850897499877e+00
3.377535351169244304e+00
3.037193378718078485e+00
2.791642629325224334e+00
4.137942422498374739e+00
2.997086422389776406e+00
2.976608526899205742e+00
2.927479582439162176e+00
3.139316400147476038e+00
3.829787219195482706e+00
3.155750346230186132e+00
2.429245942923576429e+00
3.035627749210485948e+00
2.762873878614767076e+00
2.991649555644810832e+00
3.132843704055539913e+00
3.028874861552421471e+00
3.263107244493059333e+00
3.269667641067390829e+00
3.630732246831893217e+00
2.911530565531284864e+00
3.052411252743319370e+00
3.061953308558391207e+00
3.544226910508990080e+00
2.984544328258821100e+00
2.609748724963961930e+00
3.649338682562434766e+00
3.345529963422916975e+00
2.935487009295074223e+00
3.022074920172687751e+00
3.345634169316742401e+00
3.029847704332551572e+00
3.305133277689329852e+00
3.007705955966635702e+00
3.007059790887567807e+00
3.637547079212499312e+00
2.993816654091189022e+00
3.088133158609759121e+00
3.057159032820803368e+00
3.302320564240636802e+00
4.362470160965782995e+00
2.982899977189187535e+00
2.687924761368408078e+00
3.685945383121740804e+00
3.140973559448270169e+00
3.018062681219631838e+00
3.043290862834163946e+00
2.450136318193865570e+00
2.808630151168783229e+00
3.017157874513077154e+00
3.535404899522240907e+00
3.150342621735699566e+00
3.050194884831345821e+00
3.095541741927679169e+00
3.081491759819482645e+00
3.597032428811201665e+00
3.029847704332551572e+00
2.843767186080915277e+00
3.007091519058669782e+00
3.001475588574701092e+00
3.685208361621821194e+00
2.924245520037715540e+00
3.031616062712271464e+00
3.106007008423784743e+00
2.609004849754632538e+00
3.079579029252301758e+00
2.976554109496776235e+00
3.109425292176560163e+00
2.916429037869377794e+00
2.821074974075201247e+00
3.583425101255771406e+00
2.989113630324214732e+00
2.736239452751858536e+00
2.994958664417530780e+00
2.964612679601251521e+00
3.129552518679736828e+00
3.116122919757518872e+00
2.865649273713979817e+00
3.928493390347398861e+00
4.121350664748497650e+00
3.230890850601466191e+00
2.919923951163396758e+00
3.053039917032635220e+00
4.252569074842954322e+00
3.193457214410674538e+00
3.132204138798536430e+00
3.018025714088305556e+00
3.540631061816676528e+00
3.764121136649539512e+00
3.102790151548074693e+00
3.062020661552376399e+00
3.472441120497733902e+00
2.986944401429980189e+00
2.912234172070300442e+00
3.402939389329180830e+00
4.253261549109214279e+00
3.570971853286346587e+00
4.000192757322426296e+00
3.447138702208798033e+00
2.927479582439162176e+00
4.122430184676658449e+00
2.934641004146212317e+00
4.114783811362527466e+00
3.047380920678040894e+00
4.163356387034032657e+00
2.691467596905622983e+00
2.994958664417530780e+00
3.070520979809922668e+00
3.454485733475077147e+00
3.740490819776205456e+00
3.902930580484952117e+00
3.111319188697617033e+00
3.269932993958168499e+00
3.164719530647614576e+00
2.973776176938756954e+00
2.981956845654500032e+00
3.109425292176560163e+00
3.375290463006382691e+00
2.919067356718507256e+00
2.906036825675827551e+00
2.882424970900851591e+00
3.077179414573235405e+00
3.009911556435534763e+00
3.078797886815716200e+00
2.653808031307735238e+00
2.781809780929723086e+00
3.256099750397301484e+00
3.085423553715495260e+00
3.034050082402864668e+00
3.189510742838146395e+00
3.003001849347201269e+00
3.004163744744499986e+00
3.097689663940064619e+00
3.045645812740056968e+00
3.001394525327842011e+00
3.085423553715495260e+00
3.073096316228344449e+00
3.054831058417679657e+00
2.896203248242503747e+00
3.184492016153417815e+00
3.111060673493043272e+00
3.232874583675732438e+00
2.898257413785616077e+00
2.921278678411987073e+00
3.577250730407612878e+00
3.309551110339611579e+00
3.073096316228344449e+00
2.945371688462813609e+00
3.045342171928038688e+00
3.698371766824586793e+00
3.684299194762481910e+00
2.961016627816400071e+00
3.323397545439465084e+00
2.890366962093978476e+00
3.044899185140710784e+00
3.008090087248943778e+00
3.112381449203257322e+00
2.971531474534894635e+00
3.291059721897929613e+00
2.785093098302198200e+00
2.993043194056815626e+00
2.342899521952661601e+00
3.209200415229993109e+00
3.052324774556501197e+00
3.005132376903564939e+00
2.697693394111255749e+00
3.118110891438242938e+00
3.014909566503867211e+00
2.945906931071946122e+00
2.734793286956636038e+00
3.534194208756172628e+00
3.402851967440808867e+00
3.120206571017941855e+00
3.079579029252301758e+00
2.655863316390783435e+00
4.102138183406358607e+00
2.973772445603104053e+00
3.041776070256753783e+00
3.063995924162065343e+00
3.088166317456281007e+00
3.064296942462194195e+00
2.967120641836409334e+00
3.115766571974114107e+00
